0,205,353,43,0
0,276,56,151,118,379,384,180,0
0,352,185,257,61,94,183,220,45,0
0,311,254,325,209,251,6,69,130,84,0
0,323,346,281,320,260,30,192,132,390,0
0,317,307,91,324,330,373,49,219,212,0
0,312,354,198,303,27,292,51,79,122,0
0,228,337,308,18,126,277,334,319,301,208,0
0,106,236,247,16,89,4,239,279,111,1,0
0,127,165,266,224,226,138,123,52,170,133,0
0,285,173,179,243,316,196,90,97,370,159,0
0,250,359,121,383,75,213,398,378,66,98,0
0,2,207,168,65,163,154,26,5,244,347,172,0
0,329,21,197,215,70,48,37,240,38,399,153,0
0,381,298,100,162,87,82,57,246,356,289,116,0
0,142,269,306,304,63,259,125,282,155,351,25,0
0,44,287,255,73,134,145,377,264,199,362,233,0
0,340,367,341,302,339,137,86,33,327,272,124,0
0,93,144,143,296,23,278,9,322,59,167,358,0
0,391,295,288,374,34,117,332,190,235,291,114,0
0,95,189,67,50,149,258,366,101,237,158,290,0
0,139,263,71,29,157,350,280,64,338,234,229,0
0,150,204,39,210,355,177,181,297,375,400,369,0
0,261,191,166,314,300,231,119,310,105,20,53,0
0,389,305,286,152,335,299,41,200,397,371,225,321,0
0,396,92,115,15,267,129,11,394,382,174,294,268,0
0,164,313,361,169,140,72,349,211,393,85,284,184,0
0,104,333,232,78,392,372,40,253,275,148,62,7,0
0,245,136,217,222,270,46,55,128,252,227,188,80,0
0,175,221,103,376,178,120,8,203,131,60,331,273,0
0,194,328,315,283,256,76,32,214,363,202,14,201,58,0
0,156,147,230,342,113,96,265,68,146,42,19,160,388,0
0,31,24,112,249,326,74,387,365,293,187,28,36,182,0
0,10,195,110,345,109,271,385,380,364,309,206,216,386,0
0,186,107,141,47,242,344,3,108,360,348,77,99,343,0
0,161,318,238,13,35,357,22,193,262,135,241,17,12,0
0,368,176,223,274,88,54,395,171,218,248,81,83,102,336,0
