0,109,419,0
0,382,272,296,35,562,346,252,548,482,308,112,103,315,581,355,29,242,492,238,224,167,0
0,430,532,194,494,290,237,361,304,49,480,505,370,197,65,405,561,512,68,178,530,122,138,0
0,337,169,58,587,362,558,205,97,260,6,351,483,123,36,433,268,172,503,107,391,279,317,529,544,114,222,0
0,553,426,511,406,381,124,440,423,60,417,175,393,387,17,577,462,150,373,96,179,273,547,509,534,173,64,40,301,0
0,63,261,22,111,300,313,67,584,204,137,501,570,356,572,218,121,451,457,508,189,453,166,100,72,468,545,535,170,522,0
0,110,327,593,182,142,414,168,277,192,61,524,148,245,549,83,319,201,202,90,458,8,543,263,141,159,285,23,20,363,0
0,591,87,432,10,14,18,221,375,15,527,11,251,267,566,278,445,600,348,556,76,250,323,12,69,30,436,474,347,339,0
0,559,135,212,56,309,171,213,164,428,160,488,211,345,349,583,314,235,415,44,378,102,341,571,93,193,130,45,195,291,0
0,116,352,281,590,519,447,344,499,321,184,215,367,136,324,181,125,73,526,226,286,144,2,404,98,188,79,307,258,597,0
0,199,25,80,21,377,101,155,259,531,576,536,145,62,284,311,578,334,442,32,234,479,158,481,365,220,229,153,265,196,580,0
0,254,203,210,31,243,448,598,555,411,38,7,128,588,246,225,165,486,219,249,497,269,403,86,455,354,287,394,441,397,241,0
0,525,34,163,126,332,13,51,74,510,151,342,456,335,575,85,289,476,582,568,200,452,316,416,77,384,514,569,596,564,95,28,0
0,223,412,208,541,493,283,586,358,92,105,248,392,227,371,331,180,306,420,177,305,230,459,515,521,191,57,594,209,516,255,320,0
0,52,129,295,134,563,554,461,50,53,156,385,217,318,444,322,233,435,292,275,303,232,206,472,353,422,408,4,26,162,108,127,0
0,464,24,330,115,47,471,271,70,274,366,132,383,282,333,240,574,294,484,502,389,374,513,421,231,139,266,33,475,360,118,469,280,542,0
0,94,446,161,449,410,357,518,140,54,310,299,288,253,533,477,228,297,585,376,434,465,424,236,560,546,336,495,372,343,3,400,37,19,0
0,207,39,46,244,147,402,523,99,117,186,498,537,528,198,490,157,438,1,302,398,55,190,9,325,174,540,216,41,89,407,431,340,312,0
0,264,152,595,59,567,119,154,418,143,176,78,82,427,149,293,401,592,42,460,552,276,364,88,579,270,565,396,478,75,485,429,84,573,517,0
0,106,496,359,500,91,473,557,131,463,48,395,104,81,539,257,338,187,507,326,185,466,183,413,380,43,368,66,491,437,239,16,247,328,379,0
0,409,550,399,467,489,506,538,425,5,589,214,551,390,520,369,439,450,329,487,454,256,262,120,443,133,146,27,470,298,388,113,71,504,350,386,599,0
