0,182,471,574,294,484,449,43,286,475,360,95,0
0,553,362,511,558,205,97,260,137,483,123,36,268,453,0
0,295,210,135,212,56,74,428,527,227,371,311,65,314,235,415,378,556,76,341,571,93,193,102,45,250,349,0
0,116,34,40,243,332,13,523,99,117,186,498,490,407,431,306,420,542,107,177,305,492,238,118,394,31,287,555,331,469,0
0,461,39,10,14,194,178,494,221,155,554,436,50,241,487,320,125,442,62,32,234,479,334,158,481,122,138,114,584,222,0
0,63,412,79,223,514,335,562,180,228,92,105,586,404,308,350,85,564,513,421,231,33,139,416,509,329,477,343,372,3,253,0
0,269,382,272,296,547,64,448,598,173,385,157,1,423,325,318,181,198,387,60,438,302,217,273,179,534,359,491,301,312,340,156,0
0,430,58,464,327,414,192,61,524,548,482,245,549,148,8,201,202,90,277,189,242,508,141,159,285,23,20,363,400,236,560,19,0
0,94,282,376,333,240,357,518,358,502,374,248,164,386,575,225,165,289,37,458,142,424,546,336,495,465,366,132,383,446,28,254,0
0,110,30,46,69,432,406,532,381,124,323,440,259,304,49,480,197,278,445,583,600,348,44,68,12,353,86,291,38,207,108,593,0
0,597,352,550,266,410,389,533,271,70,274,434,288,310,54,140,319,299,109,47,419,115,330,29,83,168,543,396,433,293,284,21,517,0
0,25,208,98,283,226,106,171,252,390,519,213,91,473,257,338,103,315,136,581,355,262,538,77,279,144,317,529,191,188,57,384,459,255,0
0,24,161,281,297,160,488,397,411,7,195,130,128,588,246,233,435,292,275,303,232,206,244,403,53,354,455,422,408,4,26,162,129,127,0
0,591,472,87,134,563,251,18,576,531,405,561,512,361,237,566,505,370,536,145,11,15,377,365,265,100,573,580,468,545,347,474,339,526,0
0,559,203,280,441,35,267,290,147,190,55,9,528,537,402,462,17,577,393,175,373,150,96,417,174,540,216,324,41,89,398,444,322,52,0
0,22,199,261,541,493,594,209,309,346,504,249,510,497,151,342,200,452,316,187,2,585,582,568,120,256,219,515,516,569,596,307,599,258,392,0
0,88,276,78,426,80,154,418,143,176,149,427,82,595,59,567,401,119,592,42,460,552,364,579,485,263,270,565,478,75,429,172,587,84,264,0
0,152,169,351,153,229,313,67,220,101,204,375,501,570,356,572,211,345,218,121,451,578,73,503,196,166,530,457,72,224,167,6,337,300,111,0
0,521,496,500,489,590,506,522,499,81,539,104,395,48,557,463,131,368,66,535,326,185,466,183,413,380,344,447,170,507,437,239,16,247,328,379,544,0
0,467,399,321,367,215,454,112,425,5,184,589,214,551,520,369,439,450,525,486,298,409,470,443,27,146,133,391,163,126,388,71,113,51,476,230,456,0
