0,464,277,192,61,548,201,202,90,453,263,23,20,0
0,430,554,18,221,155,584,501,351,483,123,371,311,284,125,442,62,32,234,158,122,138,114,0
0,295,210,35,562,504,346,74,510,312,156,588,246,225,306,420,107,177,305,238,118,280,397,241,180,542,0
0,249,34,550,161,240,357,171,297,395,48,463,131,586,105,502,294,484,513,477,282,376,389,247,16,317,491,328,28,0
0,50,591,87,243,532,381,124,204,375,11,527,227,15,304,278,583,314,600,348,44,130,244,455,555,207,545,594,521,258,0
0,94,533,383,132,471,366,518,358,404,551,308,103,315,333,54,310,434,336,327,141,159,8,148,168,83,330,560,37,19,0
0,526,553,517,573,362,511,558,205,260,285,508,570,30,505,197,370,268,458,189,242,166,100,224,167,363,108,127,129,52,0
0,24,58,426,80,252,160,411,38,7,128,472,195,233,435,292,275,303,232,206,403,53,86,354,287,422,408,4,31,394,26,162,0
0,152,169,21,134,563,196,300,488,164,428,374,574,140,319,299,109,47,419,115,29,424,236,546,495,465,372,343,3,95,597,254,0
0,382,272,296,99,332,13,448,598,523,186,402,537,462,528,198,181,490,438,1,302,64,173,286,279,256,534,89,9,55,340,441,0
0,412,496,213,590,522,359,506,467,399,117,498,324,318,487,409,120,581,355,262,321,170,43,416,529,191,188,57,384,200,350,151,476,0
0,199,331,46,436,356,313,67,220,137,259,361,349,572,211,345,218,121,451,578,73,503,457,530,72,481,334,377,365,229,153,265,111,0
0,25,400,593,182,142,414,271,70,274,92,288,253,446,575,85,289,165,582,568,421,231,139,33,475,360,569,544,379,228,449,410,266,0
0,39,10,14,194,494,178,290,12,440,405,531,576,49,480,536,145,479,101,251,267,566,68,237,353,347,468,461,69,561,512,406,432,0
0,116,352,281,500,489,499,81,539,104,91,473,257,338,557,368,66,535,185,466,183,413,380,344,447,507,437,239,144,2,106,226,209,335,0
0,339,110,474,135,212,56,580,97,337,6,245,482,524,549,543,36,222,65,445,323,250,378,556,415,76,235,341,571,93,193,102,45,291,0
0,84,587,172,82,78,154,418,143,176,293,149,427,433,595,59,401,119,592,42,460,552,276,364,88,579,567,270,565,396,478,75,485,429,264,0
0,63,208,261,541,493,283,309,459,320,248,230,456,342,255,516,79,98,187,326,585,519,589,214,77,452,515,492,392,596,514,223,307,564,22,0
0,469,559,203,322,444,147,190,157,385,547,423,217,325,60,417,175,387,17,577,393,150,373,96,179,273,174,540,216,41,398,407,431,40,301,269,0
0,126,136,367,215,454,112,538,425,5,184,329,390,520,316,369,439,450,525,219,486,298,470,443,27,146,133,391,163,509,388,71,113,51,497,386,599,0
