0,295,210,243,332,13,218,268,453,263,0
0,63,412,161,541,493,309,346,379,92,257,338,136,315,581,355,43,286,279,317,238,118,0
0,400,593,182,83,168,414,277,192,61,202,524,8,543,245,549,148,201,109,90,458,242,508,327,100,23,20,285,363,0
0,461,30,46,436,563,18,536,145,204,375,251,554,572,211,345,85,326,44,68,566,576,531,405,561,445,235,415,45,195,0
0,25,94,208,477,383,471,271,70,37,19,282,376,333,574,410,389,502,294,586,105,449,228,421,231,374,139,33,475,360,0
0,488,382,272,296,64,448,547,523,402,99,150,498,528,575,484,266,256,262,186,179,273,540,216,41,417,60,89,190,444,0
0,116,352,452,590,297,283,171,252,594,248,164,428,9,181,289,476,585,568,521,77,391,509,529,191,350,151,269,160,180,542,0
0,39,58,573,35,562,74,184,71,510,497,342,308,487,219,249,504,582,320,255,459,516,514,223,261,569,596,564,22,95,307,28,0
0,110,430,134,511,558,205,97,260,6,265,137,570,11,527,227,371,451,578,73,517,189,142,141,159,224,167,153,377,114,584,356,0
0,24,464,362,446,240,518,140,299,288,560,434,366,310,54,319,47,115,419,513,29,330,236,546,336,495,465,372,343,3,328,544,0
0,559,169,426,365,267,494,178,237,290,259,7,291,128,588,246,323,197,314,600,348,378,556,353,406,76,341,571,93,193,102,130,0
0,254,203,392,253,533,132,357,358,274,548,482,162,4,233,435,292,275,303,232,52,177,305,492,422,408,31,394,26,441,397,280,0
0,329,550,281,467,359,506,522,499,2,404,226,106,519,215,367,103,225,165,306,420,107,424,416,515,200,384,57,188,79,209,230,456,0
0,591,432,69,10,14,194,12,381,124,250,440,361,304,49,480,505,370,278,65,583,512,503,337,580,166,530,72,300,111,526,339,331,0
0,50,472,87,349,220,313,67,474,38,411,555,354,287,53,147,387,17,462,537,198,206,244,403,86,455,207,468,545,108,129,127,469,0
0,40,385,157,532,322,598,173,534,117,423,217,325,318,490,175,393,577,438,1,302,373,96,324,174,398,55,407,431,156,340,312,301,241,0
0,347,553,457,135,212,56,121,222,221,155,501,21,351,483,123,36,82,311,15,125,442,62,32,234,479,284,158,481,334,122,101,138,229,196,0
0,264,152,595,433,80,154,78,418,143,176,427,149,293,59,401,119,592,42,460,552,276,364,88,579,567,270,565,396,478,75,485,429,172,587,84,0
0,199,496,500,489,81,539,91,473,557,48,395,104,344,447,170,213,187,144,507,185,466,183,413,380,463,131,368,66,491,535,437,239,16,247,98,0
0,34,409,454,112,321,399,538,425,5,589,214,551,390,520,316,369,439,450,525,298,486,470,443,27,146,120,133,163,126,388,113,51,386,335,599,258,597,0
