0,184,775,435,517,0
0,668,467,597,165,476,416,0
0,616,491,379,46,772,232,124,0
0,233,169,504,206,647,323,567,154,0
0,574,503,573,225,1,108,746,680,0
0,520,441,164,549,148,422,19,652,167,0
0,676,773,186,339,798,234,429,334,440,0
0,352,741,174,400,99,372,153,357,37,0
0,137,673,155,245,562,782,613,679,182,0
0,797,505,703,559,362,466,36,444,239,0
0,34,601,196,593,558,720,609,318,242,0
0,68,479,457,790,125,17,551,401,760,0
0,297,41,796,213,103,303,358,380,537,0
0,278,461,722,737,91,20,607,657,686,0
0,530,469,209,300,107,32,582,689,373,0
0,277,710,140,388,284,430,409,250,780,0
0,546,115,176,315,753,350,649,96,208,0
0,333,488,8,197,445,682,564,58,482,0
0,378,421,87,598,484,655,24,581,756,0
0,424,776,516,622,391,450,12,715,575,0
0,291,384,619,268,353,603,399,285,745,0
0,561,335,617,417,584,473,480,337,540,0
0,191,738,674,316,48,59,783,610,258,0
0,452,216,375,320,628,447,522,638,296,0
0,88,259,369,718,507,688,15,438,340,485,0
0,79,577,626,81,95,264,336,585,500,569,0
0,713,25,150,243,141,298,101,228,587,130,0
0,487,496,494,393,604,62,231,749,578,403,0
0,199,595,771,612,221,71,767,366,224,18,0
0,489,418,276,519,498,792,307,532,778,774,0
0,6,644,565,691,78,253,630,602,282,94,0
0,92,14,346,412,289,624,73,286,512,721,0
0,642,477,654,149,390,142,413,751,432,82,0
0,656,63,30,744,521,220,568,363,244,204,0
0,560,453,349,614,263,586,9,402,799,795,0
0,427,436,64,351,314,769,705,666,111,301,0
0,664,249,45,761,687,389,660,712,50,261,0
0,723,538,256,100,43,481,523,755,238,194,0
0,364,343,201,42,207,704,85,685,202,376,0
0,698,302,727,57,113,465,486,65,542,121,0
0,255,439,545,543,312,271,330,119,172,605,0
0,122,514,75,637,53,293,190,526,294,548,0
0,310,544,126,594,305,483,110,281,566,183,0
0,779,750,690,535,729,394,653,697,317,151,0
0,590,211,98,625,571,640,39,588,719,200,0
0,501,132,608,280,752,143,692,478,69,273,0
0,641,493,342,509,531,292,454,731,728,205,0
0,508,681,5,606,203,102,539,555,648,272,0
0,72,28,254,347,415,693,170,683,646,724,0
0,615,74,763,398,158,408,754,61,420,497,10,0
0,269,726,279,246,106,553,599,260,29,386,411,0
0,226,13,635,262,313,770,270,215,322,781,135,0
0,308,764,662,116,77,747,787,633,499,443,580,0
0,620,470,765,131,139,359,552,643,623,464,67,0
0,658,527,777,446,533,733,768,458,144,406,275,0
0,492,725,188,168,251,515,252,367,60,426,152,0
0,434,247,341,128,381,306,659,396,456,76,563,0
0,193,743,257,123,716,338,524,89,596,618,266,0
0,714,471,180,663,547,178,711,230,474,490,229,0
0,7,695,556,109,321,173,198,572,283,157,326,0
0,329,377,235,800,702,114,288,793,214,671,669,0
0,536,661,700,295,510,579,112,365,739,47,344,0
0,38,159,212,759,21,437,592,495,709,2,267,0
0,222,370,163,672,265,374,632,223,311,22,701,0
0,133,319,451,449,70,694,667,332,621,534,529,0
0,55,462,368,740,16,791,382,405,354,189,54,0
0,576,736,583,528,696,383,611,241,97,634,407,0
0,511,762,290,423,274,80,192,86,518,240,425,392,0
0,56,49,162,185,93,345,708,513,371,52,459,734,0
0,468,44,3,161,463,181,758,309,35,348,227,171,0
0,794,237,636,600,670,678,784,684,355,742,118,325,0
0,304,195,145,328,785,410,356,23,677,502,136,166,0
0,299,627,33,442,127,90,31,395,4,707,589,414,0
0,433,179,757,665,248,631,557,475,175,66,766,699,0
0,706,732,147,651,570,748,472,428,236,26,591,210,0
0,138,645,120,789,506,639,554,550,730,105,431,460,0
0,217,83,40,51,218,84,404,455,735,650,160,387,541,0
0,117,397,675,788,327,629,331,219,177,324,156,361,385,0
0,129,27,134,786,187,11,287,448,104,717,146,360,419,525,0
