0,163,271,128,578,660,791,23,46,882,964,750,0
0,826,970,601,831,429,185,494,288,575,132,663,117,104,737,795,275,526,376,608,913,216,420,205,483,200,974,606,670,470,326,497,617,712,299,165,888,410,691,0
0,809,846,968,197,276,517,551,439,334,972,693,794,328,55,29,442,685,367,559,79,552,509,864,680,335,226,560,90,681,322,99,109,749,751,74,178,444,311,267,138,97,35,441,886,537,105,0
0,793,512,825,908,308,871,719,893,341,573,262,347,389,286,752,187,842,591,570,669,928,998,248,379,684,773,268,511,101,745,259,961,69,604,189,529,725,937,733,730,380,156,819,247,359,999,66,287,881,568,779,580,6,0
0,364,832,192,284,986,718,847,538,274,776,357,783,631,378,217,408,210,423,81,425,742,853,206,64,2,903,237,756,460,883,524,173,763,422,753,540,478,245,690,467,589,969,78,396,620,63,98,447,650,723,860,243,158,0
0,898,116,921,993,220,73,704,624,803,739,503,951,805,80,204,368,991,953,473,84,811,996,282,843,976,32,987,609,905,523,83,546,455,619,971,107,626,498,868,485,331,477,224,212,21,933,656,300,565,645,683,3,830,665,0
0,818,350,454,880,386,405,705,7,889,686,924,616,865,221,484,957,738,309,960,851,417,587,161,827,468,159,34,943,13,47,115,780,401,702,596,713,333,768,735,728,93,336,590,348,597,344,430,402,710,95,411,415,273,137,519,0
0,76,397,257,12,644,295,41,491,141,648,672,238,666,180,610,209,194,732,785,1,30,375,182,613,114,521,499,781,814,143,362,360,407,579,45,486,297,923,661,948,990,119,416,496,320,418,545,118,240,891,166,505,305,981,789,0
0,145,564,481,849,740,754,640,120,674,915,765,236,558,16,932,62,142,433,784,437,711,239,43,629,931,748,174,697,696,909,471,199,902,135,291,516,514,399,266,222,767,734,857,841,504,461,169,796,774,859,302,394,48,995,147,0
0,191,193,792,25,11,798,530,150,354,301,201,867,556,315,110,766,982,85,419,24,413,218,382,532,700,434,181,9,233,136,365,797,894,659,622,94,31,675,361,949,900,724,844,515,370,965,427,127,157,926,873,682,897,453,392,372,0
0,934,22,337,678,703,155,435,569,377,111,563,387,668,54,244,160,966,939,925,133,131,533,890,38,615,352,863,567,479,403,643,363,26,856,40,383,518,804,56,980,406,495,855,919,764,130,978,241,566,465,272,343,57,689,312,625,0
0,872,39,816,899,536,778,255,456,833,813,228,246,172,817,323,283,385,306,611,466,293,588,698,278,106,440,810,225,938,869,790,699,920,321,647,963,721,44,277,398,140,463,845,967,366,42,414,535,679,839,50,714,144,184,400,743,0
0,639,371,235,649,395,910,318,108,654,709,345,866,602,49,327,1000,280,879,635,458,788,835,492,307,152,91,317,876,88,129,823,134,861,448,71,292,232,527,918,634,17,906,10,304,979,125,655,822,762,930,338,149,53,907,171,911,581,0
0,59,37,351,677,550,513,451,459,837,162,61,760,33,988,358,314,153,428,836,840,904,18,641,747,592,164,388,621,834,353,940,688,755,722,211,96,121,958,122,715,720,340,234,223,356,374,808,945,577,727,390,330,474,355,935,821,86,0
0,594,852,917,269,203,653,522,731,599,914,561,736,476,20,632,812,584,28,726,927,261,227,929,462,772,586,885,151,102,761,508,242,744,404,254,167,605,922,595,541,952,14,534,942,303,671,895,501,195,555,285,614,270,472,252,658,229,58,0
0,313,493,251,984,139,807,548,583,72,316,946,349,547,36,662,421,89,983,469,170,489,936,391,543,554,263,339,985,310,502,800,253,146,701,480,706,628,901,824,70,947,384,103,955,52,8,525,637,148,636,65,603,27,294,944,553,692,100,887,0
0,490,279,806,393,124,168,183,346,198,231,815,892,633,549,771,264,646,941,208,175,249,176,758,657,562,445,638,875,729,687,799,510,627,992,186,582,265,572,757,196,464,858,585,214,213,874,60,959,281,87,912,997,177,801,431,787,506,154,539,950,0
0,436,250,977,802,782,786,449,820,412,571,256,769,75,500,673,215,457,319,630,488,717,708,877,92,15,373,409,68,770,829,975,82,342,424,443,676,188,298,612,289,664,989,5,544,607,741,642,369,862,878,838,324,962,507,746,695,651,870,230,652,0
0,850,381,113,67,432,258,777,325,446,828,598,450,694,219,112,332,4,77,482,51,475,531,574,528,123,956,600,884,623,707,260,296,618,916,775,190,994,179,452,896,487,520,716,207,542,19,576,557,593,438,202,126,854,954,759,848,667,973,329,426,290,0
