0,532,381,124,0
0,558,205,97,155,411,423,318,490,582,189,242,20,363,28,0
0,362,511,414,142,593,192,168,83,330,236,366,376,574,294,484,513,421,372,424,546,495,465,343,3,37,0
0,130,591,87,46,82,119,276,552,176,592,527,401,293,149,268,73,503,453,141,159,285,23,8,148,202,95,597,392,0
0,339,553,426,78,80,154,418,143,245,61,524,548,482,549,246,113,581,443,263,595,270,565,396,478,75,485,429,264,0
0,39,237,10,14,194,494,178,290,30,137,427,49,480,505,370,278,405,65,445,561,512,68,353,317,241,250,323,12,349,0
0,542,203,295,210,301,243,40,448,92,186,528,198,197,583,314,600,348,44,378,556,76,235,341,571,93,193,45,472,38,0
0,24,508,277,182,598,523,440,361,536,11,227,15,371,311,284,125,442,62,32,234,479,334,158,481,101,122,138,114,584,0
0,116,352,281,590,226,283,309,171,2,16,104,539,81,586,400,543,201,90,458,29,404,98,515,564,596,195,432,406,69,0
0,152,135,212,207,35,562,74,476,248,510,298,538,321,522,326,585,213,420,107,177,305,492,238,118,127,129,108,331,469,0
0,514,496,71,287,455,555,260,375,50,7,291,588,415,102,438,302,417,373,96,99,179,273,540,216,41,1,157,431,340,312,0
0,169,58,464,327,471,132,333,240,105,247,467,399,308,519,225,165,160,306,231,33,139,266,228,475,529,191,188,57,79,307,22,0
0,254,412,161,477,282,383,533,271,70,274,336,560,288,299,47,319,54,310,109,419,115,140,43,286,279,239,437,491,66,328,379,544,0
0,382,365,377,220,67,21,229,153,265,196,337,6,351,483,123,36,42,460,364,88,579,567,59,433,100,224,167,573,517,587,172,84,0
0,110,430,134,563,566,304,18,145,204,267,259,439,249,233,435,292,275,303,232,206,244,403,53,86,354,422,408,4,31,394,26,162,0
0,461,436,554,56,313,222,251,221,576,531,501,570,356,572,211,345,218,121,451,578,474,347,166,530,72,457,468,545,300,580,111,526,0
0,497,34,550,500,489,359,506,425,126,117,537,498,402,136,103,315,367,215,355,120,133,391,163,509,214,551,520,316,452,200,384,209,0
0,534,173,272,296,332,13,217,325,9,55,190,322,128,147,181,387,17,577,60,385,64,547,174,324,150,462,393,175,89,398,407,444,156,0
0,199,63,208,261,541,493,504,346,5,219,164,428,342,369,575,85,289,51,486,262,256,589,77,416,390,388,269,488,397,441,52,180,280,0
0,559,594,106,297,144,507,170,447,499,91,473,557,48,395,257,338,187,344,185,466,183,413,380,368,463,131,535,360,374,502,389,410,449,446,0
0,25,94,19,253,434,357,518,358,252,184,27,146,454,112,470,409,487,329,525,450,521,568,350,151,386,456,230,569,223,516,459,255,320,335,599,258,0
