0,598,903,40,534,661,923,422,763,497,147,57,689,0
0,204,826,644,778,740,668,257,754,120,142,345,866,49,996,1000,327,811,610,201,28,29,795,492,498,143,814,901,971,486,331,70,883,527,45,266,980,979,406,118,545,240,418,48,995,789,0
0,993,809,798,908,871,513,451,346,183,354,494,339,117,960,328,310,985,146,619,253,546,83,455,480,570,628,613,706,591,216,136,9,90,134,103,741,582,942,878,245,119,478,645,565,138,267,507,553,854,954,0
0,350,816,825,11,432,449,258,601,831,215,538,776,274,357,783,631,378,987,43,499,701,188,81,425,91,206,669,894,676,659,26,14,31,675,515,844,540,370,690,467,926,862,78,63,324,447,650,723,695,344,410,252,243,0
0,191,704,739,986,80,368,386,703,155,522,435,170,648,141,738,263,128,766,890,1,785,575,175,810,587,698,626,947,528,574,232,955,804,607,895,618,916,764,919,464,930,330,303,241,302,343,438,171,907,426,860,402,848,0
0,951,805,782,39,469,22,295,970,256,412,673,792,153,332,163,417,556,283,385,306,611,711,523,152,225,938,909,485,52,721,44,963,518,237,525,670,8,463,42,414,535,839,576,65,620,692,348,743,158,430,580,400,581,710,0
0,436,269,203,653,337,649,395,387,318,108,674,915,84,433,709,209,635,879,466,62,966,663,697,30,174,748,931,629,876,88,729,440,699,790,869,71,992,544,292,277,398,767,140,647,857,524,470,366,606,775,978,125,859,394,0
0,850,803,624,917,550,846,677,351,481,517,276,197,358,543,554,341,162,837,314,429,502,309,632,586,584,342,424,261,479,772,684,363,797,233,289,725,205,483,808,296,322,757,320,727,873,945,614,380,207,287,229,881,603,19,0
0,880,454,73,116,503,381,806,678,393,301,936,334,573,817,439,262,693,4,747,389,315,131,32,423,531,298,64,79,552,700,864,715,856,297,753,724,369,356,749,642,74,178,444,299,190,472,97,35,441,886,537,105,568,779,0
0,983,37,59,934,639,893,459,61,33,760,957,484,132,476,20,323,794,829,975,353,688,755,940,151,102,928,403,420,600,509,956,121,958,123,211,722,99,109,745,234,948,416,617,304,355,874,453,66,897,682,86,691,821,759,714,0
0,898,220,852,594,371,113,193,820,769,500,25,308,719,812,219,221,904,840,972,347,92,217,800,55,367,408,761,685,2,475,442,508,254,744,404,623,773,96,189,529,374,23,359,713,501,768,735,728,93,566,87,58,6,165,888,0
0,279,397,255,705,325,786,847,185,428,75,450,457,319,630,488,708,717,15,373,409,68,834,82,85,419,462,742,853,612,94,365,605,224,990,622,340,720,751,223,496,148,969,733,730,577,156,999,935,285,270,658,652,230,870,944,506,0
0,802,76,899,536,67,571,491,446,172,391,271,160,867,939,77,732,194,533,660,434,791,863,352,226,199,34,707,5,560,200,902,596,855,56,495,702,671,390,542,716,520,487,896,452,179,557,593,746,911,177,801,787,290,667,973,887,0
0,921,145,793,512,828,718,672,473,784,851,925,666,133,180,293,588,482,752,275,114,824,521,376,608,526,781,842,317,471,943,913,107,399,186,401,448,212,21,933,222,734,845,841,326,683,127,157,50,338,130,312,625,294,912,184,27,0
0,139,251,977,493,41,953,991,889,686,377,731,599,458,892,815,788,771,231,694,770,443,877,885,227,929,567,532,38,13,135,468,335,989,664,242,268,643,884,998,511,101,604,260,780,115,572,974,882,46,213,247,819,555,195,431,964,0
0,250,569,832,192,405,910,7,563,111,833,228,246,616,150,530,54,561,288,865,110,843,112,726,836,164,615,286,187,510,445,638,875,920,687,799,129,627,823,291,47,321,514,516,265,69,637,311,679,822,272,655,465,665,202,126,144,0
0,313,984,364,583,72,548,807,316,946,349,36,662,89,421,490,818,849,988,968,872,736,244,198,578,18,927,24,982,592,388,621,278,161,827,382,413,181,379,559,248,259,961,937,949,427,396,636,98,590,3,336,994,651,838,597,830,329,411,95,0
0,547,284,235,602,654,640,12,765,558,236,238,777,16,932,835,437,609,905,104,737,51,182,239,375,362,360,696,868,407,579,595,922,541,477,383,756,173,504,17,10,906,460,796,634,967,918,774,169,461,656,300,712,589,965,962,166,505,305,891,981,0
0,564,489,168,124,456,280,924,914,633,549,264,813,282,551,641,976,208,941,646,106,249,562,176,657,758,218,210,307,167,680,122,159,681,384,861,361,952,900,858,196,333,762,474,585,214,60,149,53,997,959,392,281,372,750,154,950,415,273,137,100,519,539,0
