0,892,924,599,439,631,800,217,479,199,90,115,916,452,0
0,192,255,295,672,325,141,339,84,62,142,306,385,711,117,104,939,375,30,466,174,748,931,804,398,955,232,647,857,463,406,734,304,302,394,48,891,0
0,436,917,871,308,825,11,776,75,693,219,262,347,249,732,442,528,91,64,367,181,384,363,894,223,234,948,496,659,636,148,416,444,178,74,751,642,749,614,35,97,830,597,65,886,441,537,568,0
0,490,782,22,826,536,991,778,889,686,914,150,283,112,615,419,24,413,660,210,278,869,570,480,901,70,922,237,933,212,764,606,679,839,390,50,542,207,716,520,487,896,557,593,329,973,426,667,411,100,402,137,415,887,0
0,191,951,381,503,850,116,993,220,921,624,704,803,739,145,371,155,703,41,446,828,598,185,718,987,77,482,417,131,423,523,546,475,83,455,824,114,605,224,477,756,504,963,277,919,464,671,3,157,98,63,19,87,959,801,0
0,802,59,279,640,674,12,500,428,719,812,263,840,128,578,890,29,499,781,619,574,612,298,40,206,669,797,365,233,486,753,297,622,720,942,949,900,245,878,844,515,370,965,127,427,650,645,565,138,130,312,743,243,860,430,0
0,898,880,364,284,983,469,649,395,644,258,831,820,847,673,632,201,310,985,146,701,663,32,521,526,275,795,842,613,591,376,608,913,216,136,134,448,186,725,525,670,524,656,617,366,300,683,299,467,603,190,240,305,505,158,0
0,203,386,569,872,564,988,846,550,513,459,837,162,61,760,33,972,554,817,18,551,641,836,904,164,592,982,38,533,468,755,123,434,680,509,715,420,121,958,122,989,664,643,661,529,374,733,577,945,23,999,897,86,691,821,854,0
0,809,368,120,915,765,970,601,777,236,558,16,238,666,180,133,433,966,932,51,737,947,943,814,143,360,579,407,485,52,868,527,883,173,518,326,17,460,906,10,774,634,796,169,461,918,967,418,545,930,179,962,507,981,995,789,0
0,350,547,39,806,583,977,250,269,170,276,197,358,334,573,341,543,172,391,198,771,264,458,646,194,941,752,307,161,587,697,182,498,187,971,331,923,856,26,990,903,763,383,470,841,702,978,596,895,338,994,775,553,438,665,202,95,0
0,73,454,678,530,405,387,602,563,327,280,788,633,549,231,175,110,843,976,785,106,562,176,657,758,135,722,956,600,623,340,259,189,320,333,501,196,241,330,474,585,214,60,149,93,728,465,171,506,126,177,787,750,154,950,273,710,0
0,235,705,7,910,740,257,654,108,866,345,754,953,709,49,318,811,996,879,815,635,561,54,208,835,925,609,905,253,437,129,440,729,88,876,699,810,627,13,902,99,582,260,265,322,974,572,762,822,768,655,735,907,997,53,431,759,392,0
0,793,639,798,594,677,351,968,301,183,346,517,163,271,221,494,323,20,648,738,68,408,770,829,586,227,462,772,261,940,688,791,863,85,352,34,242,744,404,254,884,552,559,94,534,541,937,303,858,859,118,267,712,590,105,410,658,519,0
0,934,899,37,816,204,986,193,491,786,668,736,1000,610,556,867,309,328,960,851,239,611,43,293,588,626,629,362,225,471,317,799,71,399,44,721,595,45,845,767,222,266,292,855,980,140,42,8,414,566,125,272,343,147,294,964,184,581,400,0
0,852,451,893,908,769,412,160,476,332,927,726,694,4,389,766,621,353,82,151,102,79,864,700,226,159,211,101,511,998,248,379,684,773,268,356,961,745,69,604,109,808,296,757,355,882,46,213,156,555,819,270,472,252,287,229,881,348,6,0
0,805,67,432,449,571,256,792,512,784,473,502,215,450,319,630,488,708,717,15,373,409,92,443,877,424,342,975,885,761,685,167,508,928,403,205,483,560,681,103,992,21,311,369,727,195,359,935,285,682,66,714,954,58,652,779,230,870,580,0
0,313,493,251,984,139,807,548,72,316,946,349,36,662,89,421,818,113,80,76,435,936,314,153,28,388,218,1,575,698,492,938,909,696,628,706,107,707,96,200,247,713,380,873,730,576,336,535,165,692,651,344,27,888,944,911,290,848,539,0
0,397,337,456,393,124,168,25,429,457,378,357,274,538,783,794,834,584,929,152,55,2,531,188,81,425,676,742,853,335,5,9,289,31,14,952,675,361,422,540,724,478,119,637,690,589,926,969,78,396,620,838,324,447,695,723,746,57,689,625,0
0,849,653,481,489,522,832,833,377,111,731,228,813,616,246,865,282,354,484,957,288,209,244,132,315,286,747,567,532,382,827,510,445,638,875,920,687,47,823,321,790,401,861,516,514,291,618,544,780,607,741,495,979,56,497,166,862,874,453,372,281,144,912,0
