0,11,75,908,439,263,28,188,237,822,0
0,778,953,558,777,970,601,960,784,328,632,794,262,829,584,227,685,367,55,455,619,480,570,814,938,943,136,233,894,856,297,753,422,541,17,906,460,497,166,300,565,723,243,0
0,36,368,934,80,491,256,571,412,820,847,776,598,473,672,648,141,738,867,610,758,1,77,795,498,626,471,181,107,955,232,44,595,922,952,299,138,267,994,557,452,6,372,281,750,426,581,400,273,710,0
0,76,397,469,536,899,986,170,257,563,327,879,813,865,996,811,339,437,588,492,161,210,521,114,824,376,608,475,913,605,216,206,40,923,14,990,534,224,477,763,326,169,796,634,845,304,406,501,930,338,303,535,348,603,0
0,852,917,880,395,7,686,530,346,836,201,332,112,694,586,877,408,83,546,523,34,468,335,989,242,744,254,268,884,379,961,604,101,511,745,259,998,356,248,749,496,178,396,637,650,645,683,590,651,838,35,105,860,692,0
0,921,250,678,337,456,405,377,833,192,228,246,616,183,219,693,357,185,110,176,562,175,575,382,761,853,486,756,45,143,266,980,734,918,774,463,495,125,130,566,655,768,907,93,728,465,202,392,453,86,691,854,787,801,0
0,251,984,203,977,73,826,644,910,640,674,12,673,718,306,385,409,834,975,342,424,443,423,442,772,479,700,159,791,722,96,121,958,122,864,420,684,773,94,808,322,572,974,882,46,999,359,23,819,247,935,213,53,171,743,0
0,594,513,846,569,832,111,914,731,599,924,889,1000,476,54,561,209,771,941,788,635,587,208,929,863,352,38,510,799,88,440,920,291,47,448,71,222,767,140,8,524,478,589,775,149,762,735,272,593,312,438,177,126,506,625,0
0,421,89,816,41,258,449,769,25,308,314,494,484,198,221,641,551,18,817,128,388,747,286,389,766,413,660,307,947,225,187,681,384,992,516,265,223,119,444,642,727,873,156,555,285,195,66,897,682,287,58,87,848,290,411,402,0
0,204,22,295,786,325,765,915,754,666,238,16,236,932,966,142,835,466,62,939,737,104,526,499,781,275,842,869,321,875,5,374,582,289,31,622,606,670,525,366,617,841,461,967,240,118,394,995,891,305,568,252,410,27,539,154,0
0,191,818,490,59,37,983,235,806,349,802,805,113,193,67,446,120,433,132,957,4,770,92,68,32,711,375,748,278,876,687,129,638,13,135,115,560,260,713,529,751,78,74,97,520,896,165,336,553,665,294,912,184,888,944,519,950,0
0,145,993,220,454,703,124,264,458,549,633,49,925,851,609,987,29,726,261,621,353,82,79,531,2,971,360,362,963,103,861,134,607,937,369,675,361,949,900,245,878,844,712,467,157,690,862,620,344,441,537,597,830,779,652,230,870,0
0,793,371,168,255,705,318,654,108,602,866,345,709,991,740,323,133,51,30,239,611,43,293,482,698,629,174,931,810,827,317,579,485,901,647,721,398,277,804,292,933,21,514,764,212,919,618,333,858,585,355,380,886,472,874,689,57,0
0,639,432,792,500,871,893,153,719,428,347,319,538,274,708,717,488,630,450,373,800,783,217,15,885,64,91,528,298,81,425,676,742,669,643,340,26,903,331,518,540,515,416,148,311,127,190,3,370,965,962,63,98,881,658,430,580,95,0
0,951,381,782,279,662,493,653,354,828,429,457,215,378,502,309,180,283,732,249,646,729,106,445,218,657,627,790,699,823,90,741,399,401,186,855,56,979,916,196,671,926,969,542,207,19,576,695,324,65,229,964,431,667,973,329,887,415,0
0,898,116,624,704,803,739,850,503,350,547,139,807,548,364,583,72,946,39,284,649,736,280,231,150,244,20,84,556,417,131,315,533,752,404,559,928,151,680,123,211,483,205,9,623,707,296,780,544,757,895,464,596,978,702,320,730,733,487,241,179,0
0,313,436,269,849,386,155,435,522,393,892,815,387,668,831,631,310,985,253,146,905,701,663,117,628,696,697,182,909,613,706,591,70,407,868,52,527,10,883,504,173,427,724,942,414,418,545,859,302,343,48,789,981,505,746,507,158,147,911,137,100,0
0,316,512,825,798,451,459,550,677,351,564,968,988,33,760,61,162,837,972,573,341,554,334,904,840,812,927,976,890,194,785,532,615,85,755,434,688,940,956,509,403,102,552,363,365,797,600,715,720,234,948,659,661,636,577,614,945,50,447,270,821,0
0,809,872,489,481,276,197,358,543,936,301,517,163,391,172,271,282,288,160,843,578,592,164,982,24,419,567,462,152,612,574,167,508,199,226,902,200,99,109,189,664,725,69,383,470,656,857,42,679,839,390,716,330,997,959,60,214,474,144,954,759,714,0
