0,301,866,697,182,360,857,470,497,891,240,995,0
0,536,754,640,915,644,325,491,538,274,812,314,263,28,584,885,227,929,286,688,956,552,206,363,254,623,511,101,604,69,259,577,444,97,969,229,537,65,441,105,0
0,393,150,731,599,549,914,633,458,892,180,339,385,306,293,588,748,587,106,440,729,88,876,384,9,913,486,661,234,369,675,942,937,873,380,23,338,655,465,272,202,144,506,667,973,95,0
0,145,308,459,837,893,153,719,428,429,450,717,708,488,630,319,15,409,711,30,466,174,114,475,612,298,188,91,64,894,40,45,477,224,119,948,478,900,370,361,949,467,127,3,190,999,907,665,57,870,568,652,580,0
0,313,880,397,469,983,37,76,279,59,816,368,295,970,558,765,674,120,327,1000,879,815,280,996,811,142,62,985,502,987,239,611,375,626,278,827,187,498,938,225,814,579,868,883,721,44,232,955,277,980,808,406,859,394,0
0,639,371,594,564,872,489,517,358,33,968,197,276,936,172,391,271,282,110,771,194,209,1,843,766,982,24,419,261,772,367,2,362,407,52,485,260,90,296,572,974,882,46,156,247,213,355,344,651,838,881,658,410,897,954,0
0,984,251,269,386,168,405,255,456,111,377,833,192,832,435,183,484,957,494,347,112,578,976,785,575,175,562,176,218,758,657,249,875,445,13,34,14,856,26,720,248,961,109,945,713,716,320,727,730,614,819,821,935,53,801,177,0
0,782,899,934,793,512,798,846,351,170,740,668,49,602,635,54,160,133,77,752,890,533,931,842,947,943,681,123,211,99,664,518,169,796,634,967,918,461,617,138,366,712,299,535,179,557,281,854,848,184,411,400,415,273,137,100,0
0,220,113,204,22,826,777,601,258,831,776,219,726,694,310,146,328,905,663,701,619,253,546,521,824,613,909,696,628,570,480,901,923,622,94,31,289,582,237,525,8,140,767,125,495,414,775,994,487,520,759,714,997,171,689,911,581,0
0,809,80,39,678,124,924,228,813,616,865,288,354,221,163,641,972,904,732,131,43,307,567,680,434,722,700,335,199,135,902,200,483,374,223,659,148,416,642,733,529,926,690,178,74,78,620,886,472,682,372,392,126,743,402,964,950,0
0,454,917,481,569,155,337,649,991,12,236,16,238,784,473,309,609,960,104,117,925,437,795,499,83,32,442,744,462,181,627,448,321,699,790,71,804,398,524,952,540,427,606,670,656,130,768,93,728,735,343,302,593,290,787,750,519,0
0,818,490,421,89,662,36,349,946,316,951,381,805,193,67,571,256,561,889,686,433,666,840,262,975,834,586,152,685,216,608,591,706,143,869,992,103,399,527,460,930,149,762,501,241,896,19,207,87,912,294,438,312,625,944,6,710,0
0,250,436,988,760,61,451,513,871,908,11,75,500,769,598,84,738,794,373,783,357,631,800,877,443,55,531,81,425,424,79,102,928,853,742,676,379,356,998,745,749,751,496,636,396,637,245,878,844,515,311,965,695,723,48,505,860,27,0
0,977,806,284,235,563,387,318,108,345,953,672,648,141,718,378,632,389,927,836,388,755,532,638,129,810,317,471,107,756,331,70,741,702,607,401,919,21,916,822,333,359,195,555,285,66,789,981,305,507,243,158,147,329,426,887,154,539,0
0,849,986,449,432,828,162,334,573,341,554,817,439,543,18,551,592,128,164,621,747,413,615,352,863,85,38,468,226,159,791,96,958,122,864,600,205,189,725,707,560,322,115,757,265,858,671,618,566,330,474,214,453,874,959,60,431,86,691,0
0,825,25,792,446,786,412,820,847,215,673,457,185,4,332,201,693,829,770,92,408,68,29,423,523,376,526,275,781,971,455,574,528,136,365,268,884,559,669,340,903,297,724,753,422,763,383,326,173,303,300,565,962,645,746,166,267,590,430,0
0,116,921,993,493,677,550,852,73,346,522,198,246,932,966,417,867,283,217,342,82,353,151,509,940,479,989,134,861,516,823,291,47,920,514,186,266,845,10,906,774,504,17,841,42,585,542,50,390,839,576,679,603,888,336,553,165,348,692,830,779,0
0,203,653,703,705,395,910,7,736,476,244,323,20,556,835,610,208,788,646,941,315,698,629,492,482,508,167,761,404,242,420,403,773,684,643,797,233,605,922,541,595,963,647,463,734,222,292,979,933,855,56,304,118,545,418,683,324,98,63,35,270,58,0
0,191,898,624,704,803,739,850,503,350,139,807,548,364,583,72,802,547,41,778,257,654,709,530,264,231,132,851,939,737,51,210,660,161,799,687,510,382,5,121,715,990,534,780,544,895,596,464,196,764,212,978,452,589,157,862,447,650,597,252,287,230,0
