0,257,264,336,236,428,0
0,520,503,573,225,1,108,746,680,0
0,574,68,668,467,597,306,165,476,0
0,8,673,155,245,562,782,613,679,0
0,255,439,320,522,638,647,323,715,0
0,211,98,625,571,640,39,621,588,0
0,595,28,72,559,362,466,36,239,326,0
0,738,674,316,169,206,59,783,610,167,0
0,691,78,644,6,649,565,630,523,755,0
0,560,453,614,769,263,586,9,402,111,0
0,45,664,744,333,30,307,660,395,4,0
0,193,741,174,400,99,372,153,357,37,0
0,676,773,186,339,798,234,429,334,440,0
0,199,612,771,527,315,753,350,96,208,0
0,369,335,452,216,785,438,356,23,677,0
0,3,757,517,665,775,435,486,65,758,0
0,352,616,491,794,237,772,232,124,366,0
0,723,256,538,740,100,43,481,282,94,0
0,641,493,342,509,531,383,292,611,241,205,0
0,658,176,150,243,141,298,524,596,618,266,0
0,501,132,608,312,280,752,143,692,478,273,0
0,34,601,196,593,558,720,609,318,735,386,0
0,777,446,718,328,131,139,359,275,406,144,0
0,642,477,654,149,390,142,413,751,432,82,0
0,505,122,514,790,125,17,551,401,444,760,0
0,797,681,637,508,190,75,294,526,272,724,0
0,115,546,123,716,338,587,89,130,228,578,0
0,710,140,388,284,430,409,250,160,780,650,0
0,25,191,48,545,543,271,330,119,172,605,0
0,424,776,516,622,504,391,450,12,258,575,0
0,233,319,451,449,70,694,667,332,534,529,0
0,55,462,368,16,791,389,31,405,194,238,0
0,247,347,5,606,53,293,539,555,648,548,0
0,7,695,556,109,321,173,198,572,283,157,0
0,796,87,421,295,510,24,581,579,47,344,0
0,254,457,479,203,415,693,102,170,683,646,0
0,92,14,346,412,624,73,69,289,286,721,0
0,56,164,441,345,549,148,422,652,19,371,0
0,278,461,722,737,91,20,607,204,244,657,0
0,79,577,626,81,729,95,394,585,500,569,0
0,226,13,427,535,262,635,484,215,322,135,0
0,291,384,619,268,603,353,793,270,399,301,0
0,145,620,470,15,765,507,688,552,643,502,136,0
0,308,764,662,116,77,747,787,633,499,443,580,0
0,310,544,126,594,305,483,110,281,566,183,166,0
0,277,377,235,800,702,114,288,80,214,671,669,0
0,434,381,703,341,128,659,396,456,512,76,563,0
0,779,750,690,188,168,251,515,252,367,60,426,0
0,38,159,212,759,21,437,592,495,602,686,267,0
0,700,698,302,727,57,113,465,181,542,121,35,0
0,88,304,195,259,533,733,768,458,623,464,67,0
0,489,418,276,519,498,792,253,532,311,22,701,0
0,743,364,343,201,42,207,704,85,685,202,376,0
0,487,496,494,393,604,62,231,749,101,403,224,0
0,349,530,469,209,300,107,32,582,799,795,689,0
0,74,398,763,221,158,408,61,420,497,10,29,0
0,561,590,375,133,628,447,567,154,296,719,200,0
0,222,370,299,63,374,632,223,709,2,778,774,0
0,471,180,663,314,547,655,178,711,745,537,230,0
0,615,269,726,279,246,106,553,754,242,411,407,0
0,492,672,163,265,788,725,521,220,568,363,152,0
0,714,436,64,313,351,770,666,705,373,781,285,0
0,761,687,488,197,445,564,58,712,50,261,182,482,0
0,138,645,120,789,506,639,554,550,730,105,431,460,0
0,249,627,33,442,127,90,354,189,54,707,589,414,0
0,713,49,162,185,93,708,513,416,52,459,734,18,0
0,656,433,179,184,248,631,557,475,175,66,766,699,0
0,329,511,762,290,274,423,192,240,518,360,599,392,0
0,379,46,636,600,670,678,784,684,355,742,118,325,0
0,137,617,417,410,584,682,473,480,337,485,340,540,0
0,706,732,651,147,653,748,570,425,146,472,26,210,0
0,536,661,468,44,161,463,112,365,739,309,348,227,171,0
0,117,397,675,327,382,629,331,219,177,324,156,361,385,0
0,297,41,213,378,598,103,303,358,380,474,490,756,229,0
0,576,736,583,528,696,71,767,454,731,728,97,260,634,0
0,217,83,40,51,218,84,404,317,697,455,387,541,151,0
0,129,27,134,786,187,11,448,287,86,104,717,419,591,525,0
