0,217,247,295,257,61,0
0,317,56,151,373,330,324,91,385,0
0,346,24,390,274,88,215,83,102,293,0
0,97,224,163,154,207,5,180,384,53,0
0,352,173,179,243,316,196,2,77,277,0
0,312,354,198,303,27,292,51,79,122,0
0,222,270,46,236,106,128,252,205,353,386,0
0,156,263,29,71,99,321,338,229,220,183,0
0,168,118,65,138,123,52,170,266,226,26,0
0,186,67,50,31,258,260,30,351,192,132,0
0,213,161,318,72,204,374,307,380,1,114,0
0,142,306,63,304,287,44,155,282,259,125,0
0,164,313,393,75,211,361,169,219,39,28,0
0,381,299,152,305,289,280,64,225,187,203,58,0
0,209,275,6,69,200,371,322,335,116,234,45,0
0,127,165,141,370,261,124,18,126,319,301,201,0
0,162,87,82,286,57,246,356,157,350,389,59,0
0,269,323,377,145,255,25,73,134,320,281,233,0
0,245,136,400,375,177,355,210,181,297,34,159,0
0,95,189,149,237,101,366,264,199,362,158,290,0
0,278,9,298,100,41,325,130,167,358,84,153,0
0,150,383,329,13,368,248,176,223,399,7,397,0
0,55,369,332,117,190,120,178,376,103,8,43,131,0
0,104,333,232,78,392,372,40,253,148,251,62,135,0
0,147,265,113,96,139,342,230,42,19,146,68,94,0
0,391,288,4,239,364,271,109,195,279,16,216,291,0
0,276,107,47,242,108,360,90,3,344,348,133,379,0
0,175,70,254,221,48,37,240,212,66,378,336,38,0
0,228,337,396,314,166,191,300,119,105,20,310,231,0
0,214,194,328,315,283,308,343,241,17,14,202,12,0
0,92,115,367,15,267,129,11,341,302,294,86,33,0
0,93,296,143,32,76,23,256,334,285,49,227,36,0
0,398,250,359,121,238,349,140,85,184,208,284,172,0
0,110,345,111,10,89,206,235,309,244,347,80,188,0
0,340,394,382,174,339,137,185,268,327,272,388,160,0
0,218,171,54,395,21,74,197,326,249,112,387,365,81,0
0,144,363,311,22,357,35,262,193,60,98,182,331,273,0
