0,374,330,373,151,56,0
0,346,264,260,30,24,192,145,0
0,106,236,247,16,10,239,4,114,0
0,263,79,71,27,303,198,354,312,257,0
0,139,122,51,292,29,229,220,183,241,0
0,228,337,308,18,126,277,319,301,208,284,0
0,185,163,191,154,5,244,80,347,172,58,0
0,9,381,162,87,389,64,338,234,225,17,0
0,127,97,52,123,65,138,226,224,266,170,0
0,307,91,324,385,271,109,1,364,111,291,0
0,259,142,306,63,304,44,25,155,282,125,0
0,207,168,118,370,108,61,159,384,53,180,0
0,285,173,179,243,316,196,2,165,133,26,0
0,150,136,217,222,270,46,55,128,252,205,0
0,175,70,325,209,130,397,371,7,358,84,182,0
0,144,143,296,256,23,76,214,363,14,201,273,0
0,315,104,232,69,6,62,275,253,251,148,153,0
0,189,67,50,149,31,258,366,101,237,158,290,0
0,396,340,341,302,339,137,86,33,327,272,124,0
0,311,254,221,48,37,240,66,378,212,38,399,0
0,186,95,199,390,197,215,365,293,187,43,188,0
0,352,334,261,166,314,300,231,119,310,105,20,0
0,317,204,39,355,181,297,380,210,400,117,332,0
0,32,329,13,368,248,176,223,274,262,135,12,0
0,333,78,40,372,392,200,82,335,299,59,322,0
0,245,177,375,391,288,295,190,369,309,235,206,0
0,92,115,367,15,267,129,11,394,382,174,294,268,0
0,213,398,359,250,357,22,193,60,98,131,203,331,0
0,283,328,278,298,100,167,41,45,99,343,202,184,0
0,93,164,393,75,211,72,349,35,103,376,120,178,0
0,121,383,238,161,318,140,169,361,85,49,34,219,0
0,194,152,305,286,57,246,356,157,350,289,116,280,321,0
0,269,323,287,255,73,134,362,233,281,320,132,351,377,0
0,276,89,110,345,195,279,216,227,353,386,8,28,36,0
0,313,107,141,47,242,344,3,360,90,348,77,388,379,0
0,147,156,96,113,265,342,230,68,42,19,160,146,94,0
0,218,171,395,54,88,21,74,326,249,112,387,81,83,102,336,0
