0,282,393,18,379,257,61,0
0,56,373,151,324,91,330,374,0
0,346,281,260,320,24,30,192,351,131,0
0,139,71,122,29,220,64,338,234,397,0
0,55,236,247,16,10,239,195,279,291,0
0,118,163,26,5,244,80,347,172,58,0
0,312,354,198,303,27,292,51,263,79,0
0,173,352,179,243,316,165,90,360,133,0
0,381,298,162,157,356,335,225,321,241,17,0
0,144,93,363,250,359,189,205,386,120,178,0
0,104,333,232,78,40,372,392,69,299,322,0
0,285,261,314,185,124,231,119,310,105,20,0
0,108,370,170,226,154,191,166,384,53,180,0
0,136,391,295,375,117,332,190,309,235,206,0
0,164,127,97,224,266,52,123,138,65,168,85,0
0,340,394,382,339,294,268,86,327,15,272,92,0
0,100,228,337,308,334,277,126,301,319,284,184,0
0,143,296,256,23,76,32,214,278,41,14,201,0
0,383,150,217,222,270,46,106,128,252,103,378,0
0,398,323,287,255,25,73,134,264,199,362,233,0
0,175,70,325,209,130,358,167,59,7,153,84,0
0,186,259,44,197,132,390,145,377,290,43,188,0
0,253,275,251,148,62,6,200,371,116,183,94,0
0,313,276,307,385,380,271,109,111,364,1,114,0
0,311,254,221,37,48,83,81,240,212,38,399,0
0,283,315,194,328,135,45,99,343,208,12,202,273,0
0,245,89,4,110,345,216,227,353,8,376,28,331,0
0,396,115,367,129,267,11,341,302,174,137,300,33,0
0,121,95,67,50,149,31,258,366,101,237,158,182,0
0,142,269,306,63,304,155,248,176,223,274,215,66,0
0,211,317,204,39,355,177,288,297,181,210,400,369,0
0,213,161,238,349,318,72,140,361,169,219,49,34,0
0,75,107,207,47,242,3,348,196,2,77,344,141,159,0
0,156,147,230,342,113,96,265,68,146,42,19,160,388,0
0,9,87,389,82,152,286,246,57,305,289,350,280,229,0
0,329,368,13,125,35,357,22,262,193,60,98,187,203,36,0
0,218,171,395,54,88,21,74,326,249,112,387,365,293,336,102,0
