0,517,775,665,0
0,504,206,169,647,323,715,0
0,757,421,87,598,655,484,215,0
0,137,673,155,245,562,782,613,679,0
0,211,98,625,571,628,640,39,588,0
0,574,68,467,597,306,165,345,476,0
0,743,257,771,264,336,653,80,428,0
0,188,714,313,399,402,554,599,260,0
0,489,145,620,139,131,359,552,643,406,0
0,560,453,349,614,769,263,586,9,322,0
0,6,644,565,649,78,253,630,792,94,0
0,496,656,88,527,315,753,350,130,228,0
0,508,503,573,225,1,108,746,680,721,0
0,34,601,196,593,558,720,609,318,242,0
0,109,381,254,790,125,17,444,239,760,0
0,249,664,744,30,307,389,660,395,4,0
0,291,384,619,268,603,353,793,60,152,0
0,191,738,674,316,48,59,783,610,167,0
0,616,491,612,379,772,703,128,659,396,0
0,691,418,276,519,498,532,778,2,774,0
0,676,773,186,339,798,234,429,334,440,0
0,199,28,72,559,362,466,36,551,401,0
0,278,461,722,737,91,20,607,220,657,0
0,723,538,256,100,43,481,523,755,282,0
0,255,439,545,543,271,330,119,172,605,0
0,520,441,164,549,148,422,19,652,416,0
0,488,445,197,8,23,356,677,136,275,0
0,424,776,516,622,391,450,12,258,575,0
0,352,193,174,400,99,372,153,357,37,0
0,176,335,452,590,216,447,522,154,296,0
0,642,477,654,149,390,142,413,751,432,82,0
0,364,343,201,42,207,704,85,685,202,376,0
0,741,436,64,770,351,270,285,745,781,135,0
0,658,487,494,393,604,62,231,749,101,403,0
0,698,302,727,57,113,435,65,181,758,121,0
0,713,25,150,243,141,298,524,596,618,266,0
0,471,180,663,314,547,178,711,537,230,490,0
0,710,140,388,284,430,409,250,160,780,650,0
0,233,319,451,449,70,694,667,332,534,529,0
0,492,672,163,265,725,521,568,363,244,204,0
0,797,505,122,514,75,190,272,526,294,548,0
0,226,13,427,535,252,635,262,705,666,111,0
0,536,661,700,295,510,24,581,579,35,47,0
0,115,546,123,716,338,587,89,96,208,578,0
0,595,92,14,346,412,624,73,289,69,273,0
0,501,132,608,312,280,752,143,692,478,724,0
0,779,750,690,168,251,515,426,367,373,301,0
0,641,493,342,509,531,383,292,454,731,205,0
0,79,577,626,81,729,95,394,585,500,569,0
0,681,637,5,53,293,539,555,648,512,286,0
0,530,469,209,300,107,32,582,799,795,689,0
0,434,247,341,636,232,366,124,456,76,563,0
0,561,133,320,375,567,785,638,621,719,200,0
0,457,479,347,606,415,203,693,102,170,683,646,0
0,277,377,235,800,702,518,288,114,214,671,669,0
0,369,718,328,765,507,15,502,438,688,144,458,0
0,308,764,662,116,77,747,787,633,499,443,580,0
0,55,462,368,16,791,382,542,189,54,194,238,0
0,222,370,299,63,374,632,709,223,311,22,701,0
0,74,398,763,221,158,408,61,420,497,10,29,0
0,706,732,147,651,570,748,425,240,146,26,591,0
0,310,544,126,594,305,483,110,281,566,183,166,0
0,329,511,762,290,274,423,192,11,472,236,210,0
0,470,617,417,410,584,473,480,337,485,340,540,0
0,615,269,726,279,246,106,553,386,754,411,407,0
0,38,159,212,759,21,437,592,495,602,686,267,0
0,777,446,304,195,259,533,733,768,623,464,67,0
0,794,237,46,600,670,678,784,684,355,742,118,325,0
0,138,645,120,789,506,639,550,730,735,105,431,460,0
0,45,687,761,333,682,564,58,712,50,261,182,482,0
0,740,33,627,442,127,90,31,405,354,707,589,414,0
0,433,179,184,248,486,631,557,475,175,66,766,699,0
0,576,736,583,528,696,71,767,611,241,97,728,634,0
0,7,556,695,668,321,173,198,572,283,157,326,224,0
0,56,49,162,185,93,708,513,371,52,459,734,18,0
0,217,83,40,51,218,84,404,317,697,455,387,541,151,0
0,297,41,796,378,213,103,303,358,380,474,344,756,229,0
0,117,397,675,788,327,629,331,219,177,324,156,361,385,0
0,468,44,3,161,463,465,112,365,739,309,348,227,171,0
0,129,27,134,786,187,448,287,86,104,717,360,419,392,525,0
