0,761,687,368,0
0,319,451,449,70,694,667,0
0,45,664,744,333,30,307,792,0
0,7,668,467,574,306,597,165,234,0
0,378,421,87,598,655,484,215,711,0
0,254,479,457,125,17,790,239,760,0
0,211,98,625,571,640,39,621,588,0
0,174,400,278,99,372,153,729,95,0
0,658,176,88,777,315,753,350,62,0
0,169,504,206,233,139,647,323,715,0
0,191,738,674,316,48,59,783,610,167,0
0,713,25,150,243,141,298,578,618,416,0
0,255,439,545,543,312,271,330,708,513,0
0,561,452,375,522,216,785,567,154,296,0
0,698,302,727,57,113,465,181,758,66,0
0,424,776,516,622,391,450,12,258,575,0
0,92,14,346,412,624,73,69,289,721,0
0,615,763,221,158,408,61,205,611,241,0
0,471,180,663,314,769,547,178,745,373,0
0,6,644,78,276,519,630,495,96,208,0
0,560,453,349,614,263,586,402,9,322,0
0,461,722,737,91,20,607,219,357,37,0
0,595,612,186,773,798,771,429,334,440,0
0,757,517,665,435,775,65,486,542,121,0
0,520,441,164,549,148,422,652,172,119,0
0,28,72,559,362,466,36,551,401,444,0
0,226,13,427,535,635,262,705,666,111,0
0,491,616,264,423,192,735,242,386,411,0
0,797,681,347,5,203,693,102,170,683,646,0
0,68,503,573,225,1,108,746,680,512,286,0
0,247,505,122,514,75,190,272,526,294,548,0
0,508,637,53,606,415,293,539,555,648,724,0
0,433,179,184,248,631,557,475,175,766,699,0
0,74,398,641,528,696,71,767,97,260,599,0
0,364,343,201,42,207,704,85,685,202,376,0
0,446,145,620,470,131,359,552,643,144,458,0
0,79,577,626,81,741,394,336,585,500,569,0
0,590,310,320,133,628,447,638,332,719,200,0
0,642,477,654,149,390,142,413,751,432,82,0
0,593,736,576,558,720,609,318,420,497,10,0
0,530,469,209,300,107,32,582,799,795,689,0
0,536,661,700,295,510,24,581,579,47,344,0
0,501,132,608,280,752,143,692,605,478,273,0
0,199,379,46,794,636,232,772,124,366,325,0
0,676,269,726,279,246,106,553,29,754,407,0
0,544,126,594,305,483,110,281,566,183,529,534,0
0,147,277,377,235,800,702,288,114,518,240,360,0
0,34,601,600,670,196,678,784,684,355,118,742,0
0,137,617,417,584,410,356,438,23,182,482,166,0
0,583,493,342,509,531,383,292,454,731,728,634,0
0,352,710,140,388,284,430,409,250,780,650,160,0
0,237,434,341,381,703,128,659,396,456,76,563,0
0,779,714,436,64,313,770,351,270,285,781,135,0
0,308,764,662,116,77,747,787,633,499,443,580,0
0,38,159,212,759,21,437,481,523,686,267,657,0
0,723,538,256,100,43,660,389,755,282,94,602,0
0,304,195,259,533,733,768,623,67,464,406,275,0
0,673,155,245,562,782,613,679,337,480,473,540,0
0,695,556,109,321,173,198,572,283,157,326,224,0
0,369,335,718,328,15,765,688,507,502,677,136,0
0,487,656,496,494,393,604,231,749,101,266,403,0
0,691,168,690,750,251,515,252,367,60,426,152,0
0,291,384,619,268,603,353,793,214,671,669,301,0
0,115,546,123,716,338,524,89,587,130,228,596,0
0,418,489,565,649,527,498,253,532,311,22,701,0
0,33,740,16,55,462,382,791,189,354,54,194,238,0
0,488,8,197,445,682,564,58,712,261,50,485,340,0
0,222,370,299,63,374,632,223,592,709,2,778,774,0
0,249,627,442,127,90,405,31,395,4,707,589,414,0
0,138,645,120,789,506,639,554,550,730,105,431,460,0
0,743,257,706,732,651,748,570,653,591,26,210,525,0
0,492,672,163,265,725,521,629,220,568,363,244,204,0
0,193,329,511,762,290,274,80,428,236,472,146,425,0
0,56,49,162,93,185,476,345,19,371,52,459,734,18,0
0,217,83,40,51,218,84,404,317,697,455,387,541,151,0
0,468,44,3,161,463,112,365,739,309,35,348,227,171,0
0,117,397,188,675,788,327,331,177,399,324,156,361,385,0
0,297,41,796,213,103,303,358,380,537,230,474,490,756,229,0
0,129,27,134,786,187,339,11,448,287,86,104,717,419,392,0
